30
ADD	3RA	0x00000000	5	0	0	11	5	0	0	21	5	0	0	16
ADDI	3NL	0x20000000	5	0	0	16	5	0	0	21	16	1	0	0	
AND	3RA	0x00000024	5	0	0 	11	5	0	0	21	5	0	0	16
BEQ	3NR	0x10000000	5	0	0	21	5	0	0	16	16	0	2	0
BGTZ	2NR	0x1C000000	5	0	0	21	16	0	2	0
BLEZ	2NR	0x18000000	5	0	0	21	16	0	2	0
BNE	3NR	0x14000000	5	0	0	21	5	0	0	16	16	0	2	0
DIV	2RA	0x0000001A	5	0	0	21	5	0	0	16
J	1N2	0x08000000	26	1	0	0
JAL	1N2	0x0C000000	26	1	0	0
JR	1RA	0x00000008	5	0	0	21
LUI	2NH	0x3C000000	5	0	0	21	16	1	0	0
LW	3BL	0x83000000	5	0	0	21	16	0	0	0	5	1	0	21
MFHI	1RA	0x00000010	5	0	0	11
MFLO	1RA	0x00000012	5	0	0	11
MULT	2RA	0x00000018	5	0	0	21	5	0	0	16
OR	3RA	0x00000025	5	0	0	11	5	0	0	21	5	0	0	16
ROTR	3NA	0x00200002	5	0	0	11	5	0	0	16	5	1	0	6
SLL	3NA	0x00000000	5	0	0	11	5	0	0	16	5	1	0	6
SLT	3RA	0x0000002A	5	0	0	11	5	0	0	21	5	0	0	16
SRL	3NA	0x00000002	5	0	0	11	5	0	0	16	5	1	0	6
SUB	3RA	0x00000022	5	0	0	11	5	0	0	21	5	0	0	11
SW	3BL	0xAC000000	5	0	0	16	16	0	0	0	5	1	0	21	
SYSCALL	0RA	0x0000000C
XOR	3RA	0x00000026	5	0	0	11	5	0	0	21	5	0	0	16
NOP	0RP
MOVE	2RP
NEG	2RP
LI	2NP
BLT	3NP